01010000
00011100
00000000
00000111
00000111
00000000
00001000
00000010
11010000
00000010
00011000
00000000
00110000
11010000
00000011
00011000
00000000
00110000
11010000
00000110
00011000
00001000
00110000
11010000
00000111
00011000
00000010
00110000
11010000
00000011
00100000
10000000
00000001
00010000
11010000
00000101
00100000
10001000
01011000
00111111
00001000
01011000
00110110
11010000
00000100
00100000
00010000
11010000
00000010
00100000
10110000
00110000
01010000
00111111
11010000
00000100
00100000
00010000
11010000
00000010
00100000
01001000
00110000
11010000
00000011
00100000
10000000
00000001
11010000
00000101
00110000
11010000
00000011
00100000
11000000
00110000
11010000
00000010
00100000
10000000
00000001
01011000
01011001
11010000
00000011
00100000
10011000
10000000
00110000
11010000
00000010
00100000
00010000
10000000
10000000
11011000
11000000
10010000
00110000
11010000
00000110
00100000
10100000
11111111
00110000
00010000
01011000
01101110
01010000
00011100
11010000
00000010
00100000
00010000
11010000
00000011
00100000
11010000
00000111
00100000
10100000
11111111
00110000
01011000
10000100
11010000
00000110
00011000
00001000
00110000
01010000
00011100
11111000